sx sy schi sphi mtth mom mf2 
1 1 0 1 1 0 1
1.1  1.2 1.1 10 1.2 	1.3 	1.4   100
2.1 2.2 2.1 20 2.2 2.3 2.4 200
1.1 1.2 1.1 10 1.2 1.3 1.4 100
2.1 2.2 2.1 20 2.2 2.3 2.4 200
1.1 1.2 1.1 10 1.2 1.3 1.4 100
2.1 2.2 2.1 20 2.2 2.3 2.4 200
1.1  1.2 1.1 10 1.2 	1.3 	1.4   100
2.1 2.2 2.1 20 2.2 2.3 2.4 200
1.1 1.2 1.1 10 1.2 1.3 1.4 100
2.1 2.2 2.1 20 2.2 2.3 2.4 200
1.1 1.2 1.1 10 1.2 1.3 1.4 100
2.1 2.2 2.1 20 2.2 2.3 2.4 200
1.1  1.2 1.1 10 1.2 	1.3 	1.4   100
2.1 2.2 2.1 20 2.2 2.3 2.4 200
1.1 1.2 1.1 10 1.2 1.3 1.4 100
2.1 2.2 2.1 20 2.2 2.3 2.4 200
1.1 1.2 1.1 10 1.2 1.3 1.4 100
2.1 2.2 2.1 20 2.2 2.3 2.4 200
1.1  1.2 1.1 10 1.2 	1.3 	1.4   100
2.1 2.2 2.1 20 2.2 2.3 2.4 200
1.1 1.2 1.1 10 1.2 1.3 1.4 100
2.1 2.2 2.1 20 2.2 2.3 2.4 200
1.1 1.2 1.1 10 1.2 1.3 1.4 100
2.1 2.2 2.1 20 2.2 2.3 2.4 200
1.1  1.2 1.1 10 1.2 	1.3 	1.4   100
2.1 2.2 2.1 20 2.2 2.3 2.4 200
1.1 1.2 1.1 10 1.2 1.3 1.4 100
2.1 2.2 2.1 20 2.2 2.3 2.4 200
1.1 1.2 1.1 10 1.2 1.3 1.4 100
2.1 2.2 2.1 20 2.2 2.3 2.4 200
1.1  1.2 1.1 10 1.2 	1.3 	1.4   100
2.1 2.2 2.1 20 2.2 2.3 2.4 200
1.1 1.2 1.1 10 1.2 1.3 1.4 100
2.1 2.2 2.1 20 2.2 2.3 2.4 200
1.1 1.2 1.1 10 1.2 1.3 1.4 100
2.1 2.2 2.1 20 2.2 2.3 2.4 200
1.1  1.2 1.1 10 1.2 	1.3 	1.4   100
2.1 2.2 2.1 20 2.2 2.3 2.4 200
1.1 1.2 1.1 10 1.2 1.3 1.4 100
2.1 2.2 2.1 20 2.2 2.3 2.4 200
1.1 1.2 1.1 10 1.2 1.3 1.4 100
2.1 2.2 2.1 20 2.2 2.3 2.4 200
1.1  1.2 1.1 10 1.2 	1.3 	1.4   100
2.1 2.2 2.1 20 2.2 2.3 2.4 200
1.1 1.2 1.1 10 1.2 1.3 1.4 100
2.1 2.2 2.1 20 2.2 2.3 2.4 200
1.1 1.2 1.1 10 1.2 1.3 1.4 100
2.1 2.2 2.1 20 2.2 2.3 2.4 200
